            PC-1       PC-2       PC-3  Cluster
0   -41.372399   -2.148366  -11.250450  3      
1   -41.469543   -27.857832 -0.251771   3      
2   -23.351585    4.120855  -14.150403  3      
3   -41.085857   -9.016849   43.858573  3      
4   -41.467966   -27.917091 -0.239302   3      
5   -14.343606    4.142690  -14.181686  3      
6   -50.375482   -2.080351  -11.239528  3      
7    48.893462    26.127999  2.020167   0      
8   -32.349139    4.226726  -14.063502  3      
9   -41.467966   -27.917091 -0.239302   3      
10  -41.434556   -21.338330 -2.923801   3      
11  -23.304739    16.981303 -19.671420  3      
12  -41.257361    29.953468 -25.085617  3      
13  -41.295039    17.198500 -19.538059  3      
14  -41.465888   -27.867806 -0.206679   3      
15  -32.461653   -27.920391 -0.303134   3      
16  -41.460668   -27.838200 -0.247047   3      
17  -41.374273   -2.196196  -11.281337  3      
18  -41.467966   -27.917091 -0.239302   3      
19  -41.372194   -2.146911  -11.248714  3      
20   138.695525   16.017493 -20.656251  0      
21  -41.467966   -27.917091 -0.239302   3      
22   102.931550   22.508541  11.804940  0      
23  -41.257156    29.954922 -25.083881  3      
24  -41.467966   -27.917091 -0.239302   3      
25  -23.445279   -21.600039 -3.108367   3      
26  -22.950734    23.250963  30.049948  3      
27   3.555696    -21.720513 -3.238580   3      
28  -41.257156    29.954922 -25.083881  3      
29  -41.372194   -2.146911  -11.248714  3      
30  -14.353325    4.124982  -14.215415  3      
31  -22.967398    23.070382  29.980094  3      
32  -32.255445    29.947621 -25.105537  3      
33  -32.086225   -9.073435   43.804294  3      
34  -41.465888   -27.867806 -0.206679   3      
35  -32.466873   -27.949997 -0.262766   3      
36   30.969695    3.543339   38.015284  0      
37  -41.467966   -27.917091 -0.239302   3      
38   21.911772   -9.411497   43.480359  3      
39   129.971995   19.059826  21.785024  0      
40  -41.257361    29.953468 -25.085617  3      
41   2379.545309 -17.189450 -25.781501  1      
42  -41.469543   -27.857832 -0.251771   3      
43  -32.039587    13.677759  25.482177  3      
44  -32.468539   -27.975131 -0.295316   3      
45   3.786197     10.423879  0.493455   3      
46  -41.468171   -27.918545 -0.241037   3      
47  -41.467966   -27.917091 -0.239302   3      
48  -23.308059   -15.152391  11.665777  3      
49   12.750211    29.739792 -25.333616  3      
50  -5.343357     4.111708  -14.234155  3      
51  -31.922057    45.853027  11.679707  3      
52  -41.258528    30.015635 -25.094615  3      
53  -41.467966   -27.917091 -0.239302   3      
54  -41.374273   -2.196196  -11.281337  3      
55  -41.465888   -27.867806 -0.206679   3      
56   39.702673    16.733737 -19.975360  0      
57  -41.468171   -27.918545 -0.241037   3      
58  -41.467966   -27.917091 -0.239302   3      
59  -41.255282    30.002752 -25.052994  3      
60  -41.053804    13.603048  25.499225  3      
61  -32.304371    17.037889 -19.617142  3      
62  -41.466092   -27.869260 -0.208415   3      
63  -40.872969    48.904448  19.046616  3      
64  -32.458760   -27.849290 -0.217644   3      
65  -41.469338   -27.856377 -0.250036   3      
66  -41.468171   -27.918545 -0.241037   3      
67  -41.467966   -27.917091 -0.239302   3      
68  -41.343756    4.311464  -14.051326  3      
69   76.090400    35.463829  23.899318  0      
70  -32.469706   -27.912963 -0.304314   3      
71  -41.467966   -27.917091 -0.239302   3      
72  -14.466991   -28.037564 -0.369514   3      
73  -32.468334   -27.973677 -0.293580   3      
74  -41.093895    16.884443  15.390517  3      
75  -32.459783   -27.893802 -0.268849   3      
76  -5.182714     7.076138   10.582241  3      
77  -23.286613    17.185564 -19.570753  3      
78  -23.063300    23.300747  12.564838  3      
79  -41.343551    4.312919  -14.049591  3      
80  -41.445915   -21.426154 -3.010545   3      
81  -41.434556   -21.338330 -2.923801   3      
82  -23.367710   -2.230477  -11.397639  3      
83   102.780484   9.776297  -0.136157   0      
84  -41.249858    30.033813 -25.091626  3      
85  -13.803263    51.941168  26.227633  3      
86  -41.466092   -27.869260 -0.208415   3      
87  -40.812496    52.067614  26.354930  3      
88  -40.961238    23.214615  30.050019  3      
89  -41.214463   -15.255246  29.149704  3      
90   21.824091    7.005632   10.462793  3      
91  -4.904827     35.996784  24.418638  3      
92  -41.460668   -27.838200 -0.247047   3      
93  -41.467762   -27.915636 -0.237566   3      
94  -32.376217   -2.193523  -11.348085  3      
95  -41.084191   -8.991714   43.891122  3      
96  -41.468171   -27.918545 -0.241037   3      
97  -41.466092   -27.869260 -0.208415   3      
98  -32.297073    17.116780 -19.624887  3      
99  -40.966666    23.162313  30.092049  3      
100  40.039806    22.800120  29.677817  0      
101 -5.375949    -2.423995  -11.500186  3      
102 -41.348771    4.283312  -14.009223  3      
103  12.727200    23.333719 -22.573033  3      
104 -32.344536    4.230728  -14.105678  3      
105 -32.374641   -2.252782  -11.335615  3      
106 -14.041679    29.605722  9.698772   3      
107 -41.467966   -27.917091 -0.239302   3      
108 -41.255078    30.004207 -25.051258  3      
109 -22.870477    32.776729  34.647192  3      
110 -41.258528    30.015635 -25.094615  3      
111 -5.260204     29.787836 -25.313465  3      
112 -32.437613   -21.464562 -3.061834   3      
113  22.059610    29.248736  26.909561  3      
114 -32.255445    29.947621 -25.105537  3      
115 -41.467966   -27.917091 -0.239302   3      
116 -41.468171   -27.918545 -0.241037   3      
117 -32.295819    17.117764 -19.592411  3      
118 -23.060887   -2.649058   41.023865  3      
119 -41.340863    4.382564  -13.965836  3      
120 -49.939770    45.822181  11.707603  3      
121 -41.467966   -27.917091 -0.239302   3      
122  39.709558    16.788477 -19.983178  0      
123 -41.247170    30.103459 -25.007871  3      
124 -41.467966   -27.917091 -0.239302   3      
125 -13.967561    23.015250  29.927551  3      
126 -41.258733    30.014181 -25.096351  3      
127 -4.849455     39.068646  31.745577  3      
128  147.935224   12.427622  24.317756  0      
129 -41.307118   -15.037765  11.776069  3      
130  129.695893   16.074079 -20.601973  0      
131 -41.318667    10.766822 -16.779286  3      
132 -41.467966   -27.917091 -0.239302   3      
133  211.066638   34.472473  23.006216  0      
134  39.900098    26.213721  2.064818   0      
135 -41.466092   -27.869260 -0.208415   3      
136 -23.470279   -27.971004 -0.360328   3      
137 -32.238573    20.237456 -12.234584  3      
138 -4.906701     35.948954  24.387750  3      
139 -41.351054    4.232573  -14.043581  3      
140 -50.465724   -27.812674 -0.154136   3      
141 -14.038578    29.699518  9.782600   3      
142 -41.419041   -15.007359 -5.727697   3      
143  840.948900  -11.355811  45.883136  2      
144 -41.468171   -27.918545 -0.241037   3      
145  75.651049    3.551694  -14.757020  0      
146 -40.923266    36.055430  24.524277  3      
147  12.884742    26.204352  2.159535   3      
148 -41.352426    4.293286  -14.054316  3      
149 -41.348771    4.283312  -14.009223  3      
150 -32.469706   -27.912963 -0.304314   3      
151 -32.468334   -27.973677 -0.293580   3      
152 -32.468539   -27.975131 -0.295316   3      
153 -32.250639    29.953077 -25.145978  3      
154 -41.343756    4.311464  -14.051326  3      
155 -14.462389   -28.033563 -0.411691   3      
156 -41.327426    10.664251 -16.802355  3      
157 -23.341264   -21.729697  14.352011  3      
158 -5.350447     4.055513  -14.228072  3      
159 -41.317440    10.812788 -16.726345  3      
160  3.664518    -21.844715  14.181358  3      
161 -40.966662    23.183554  30.088651  3      
162 -41.257156    29.954922 -25.083881  3      
163 -32.351217    4.177441  -14.096124  3      
164  174.871774   9.046868   16.815720  0      
165 -41.468171   -27.918545 -0.241037   3      
166 -23.461816   -27.975522 -0.355677   3      
167 -41.467966   -27.917091 -0.239302   3      
168 -32.468539   -27.975131 -0.295316   3      
169 -41.348771    4.283312  -14.009223  3      
170 -41.083782   -8.988805   43.894593  3      
171 -5.048598     13.408748  25.275955  3      
172 -41.374273   -2.196196  -11.281337  3      
173 -41.374477   -2.197651  -11.283072  3      
174  66.814548    6.624903   10.149749  0      
175  39.554020   -21.948312 -3.457429   0      
176  93.621875   -3.019854  -12.062965  0      