           PC-1       PC-2       PC-3  Cluster
0   -4.696557   -4.145633  -3.614969   3      
1   -4.336533    13.235111  3.198025   0      
2   -1.513412    35.779694 -5.560697   0      
3   -4.804612   -8.251491   2.658253   3      
4   -4.953155   -11.041321 -4.510553   3      
5   -1.880901   -11.374186 -4.219048   3      
6   -5.742946   -5.267430  -5.152342   3      
7    5.163747   -10.500467 -3.398702   3      
8   -3.602875    1.074334  -3.345035   3      
9   -4.824803   -10.259296 -3.847372   3      
10  -4.506602    3.345544  -1.037514   3      
11  -2.872952   -8.300046  -5.169895   3      
12  -4.612595   -1.363879  -4.715409   3      
13  -4.278079    15.698136  16.261810  2      
14  -4.418700    5.018787   5.464459   3      
15  -3.576212    1.420474  -0.956940   3      
16  -4.933323   -7.932512   3.030799   3      
17  -4.795267   -8.326568  -4.474248   3      
18  -4.335143    13.238923  3.191990   0      
19  -4.908962   -10.978233 -2.246716   3      
20   15.293184  -6.011379  -4.744656   3      
21  -4.880142   -10.144368 -4.291844   3      
22   11.887768   11.660744 -7.755691   0      
23  -3.892384    22.832985 -3.693185   0      
24  -3.979326    21.802502 -6.787726   0      
25  -2.453979    3.689780  -5.799969   3      
26  -2.726211   -5.121182   20.757756  2      
27   0.286659   -7.115214  -2.699327   3      
28  -4.546152    0.727416  -3.907984   3      
29  -4.318908    12.439720 -1.893530   0      
30  -1.723973   -4.701503   8.181449   3      
31  -2.794235   -10.401821  4.218425   3      
32  -3.805578   -6.104388   5.106993   3      
33  -3.758581   -3.890268   3.462900   3      
34  -4.813377    1.653853   29.296382  2      
35  -2.541097    35.281560 -10.778608  0      
36   3.256064   -8.581229  -5.528403   3      
37  -3.210594    47.863656 -7.120404   0      
38   2.285836   -4.840001  -1.061415   3      
39   15.616224   40.673397 -11.700300  0      
40  -4.391709    8.140569  -2.179372   3      
41   264.203308 -7.233827   7.276977   1      
42  -4.781382    0.007946   17.354689  2      
43  -3.486346    1.831898  -4.030040   3      
44  -3.292035    12.331144 -2.547712   0      
45   0.159742   -9.000202  -1.683809   3      
46  -4.858336   -7.698681  -1.789993   3      
47  -5.000094   -9.366087   7.326392   3      
48  -2.248602    10.435091 -8.405870   0      
49   1.239235   -10.880059  2.046005   3      
50  -0.791848   -10.326708 -3.272656   3      
51  -3.854799   -5.623822   23.219994  2      
52  -4.412255    0.048840  -5.877489   3      
53  -4.932975   -11.017491 -3.839558   3      
54  -4.815812   -5.269626  -6.760211   3      
55  -4.888839   -10.653963  0.079245   3      
56   4.232063   -7.273871  -1.576438   3      
57  -4.264487    15.057241  2.014877   0      
58  -4.941946   -7.784117   4.004523   3      
59  -4.700909   -3.805296  -0.248371   3      
60  -4.119740    16.547364 -8.582641   0      
61  -3.553789   -0.545458  -5.560531   3      
62  -4.593270    1.051628  -3.986338   3      
63  -4.516844    6.517697   15.169149  2      
64  -3.502338    3.234840  -2.122964   3      
65  -3.373134    52.928404  28.224533  0      
66  -4.953004   -11.108009 -5.009616   3      
67  -4.954097   -10.109111 -5.801876   3      
68  -4.470630    7.757666   9.221830   2      
69   8.515126   -0.624803  -3.581284   3      
70  -3.802635   -7.951748  -2.490412   3      
71  -4.335143    13.238923  3.191990   0      
72  -1.771972   -8.929162   7.385308   3      
73  -3.742120   -0.493325   6.101408   3      
74  -4.745098   -9.192861  -1.979711   3      
75  -3.835980   -1.435779   30.054629  2      
76  -0.770438   -6.431188  -6.066873   3      
77  -2.844652   -11.464858 -4.040050   3      
78  -2.660350   -7.652554  -5.149965   3      
79  -4.901990   -11.406946 -5.303437   3      
80  -4.722644   -3.031726  -4.606591   3      
81  -4.842451   -10.114490 -3.026075   3      
82  -2.260651    12.426970 -0.552341   0      
83   11.443649   0.157808  -5.853134   3      
84  -4.854230   -9.380587  -4.766111   3      
85  -1.736953   -8.770621   1.540536   3      
86  -4.640018    11.522577  42.005341  2      
87  -4.842127   -11.414945 -4.392433   3      
88  -4.703637   -3.608481  -0.599581   3      
89  -4.300079    11.768053 -7.995461   0      
90   4.257924    58.695823 -13.837480  0      
91  -0.282105    4.247987  -6.216726   3      
92  -4.780026   -5.499561   0.105428   3      
93  -4.783483   -4.575632  -1.291368   3      
94  -3.891939   -10.424117  2.355633   3      
95  -4.605671   -2.311307  -5.953809   3      
96  -4.898696   -7.746342  -3.131982   3      
97  -4.202633    15.314984 -2.943269   0      
98  -3.250958    12.095299 -2.619068   0      
99  -4.794504   -7.352163   2.191367   3      
100  4.499063    2.794236   27.255824  2      
101  0.553910    36.318213 -8.660149   0      
102 -4.571725    1.273079  -0.929299   3      
103  1.327798   -6.833038  -5.600523   3      
104 -3.835390   -8.918952  -1.558023   3      
105 -3.848055   -7.982724  -2.850163   3      
106 -1.609079   -2.000418  -1.486099   3      
107 -4.787982   -5.746989  -1.968979   3      
108 -4.837127   -11.124817 -0.812781   3      
109 -2.610766   -4.555904  -4.877952   3      
110 -4.744987   -2.396155   18.084248  2      
111 -0.740743   -8.314330  -2.663885   3      
112 -3.869271   -7.697351   6.436678   3      
113  2.610880    5.574498  -4.607066   3      
114 -3.815374   -8.810343   0.532287   3      
115 -4.871581   -9.179302  -5.099708   3      
116 -4.747355   -5.243589  -5.564148   3      
117 -3.470394    4.954894   4.660742   3      
118 -2.802034   -8.710633  -0.530911   3      
119 -4.760012   -5.668544   0.107854   3      
120 -5.777043   -8.563136  -5.711359   3      
121 -4.939393   -9.889837  -3.749905   3      
122  4.306281   -8.564629  -3.531362   3      
123 -4.830461   -7.853989  -0.869062   3      
124 -4.631067    1.267227  -3.282641   3      
125 -1.807373   -8.728178   0.470058   3      
126 -4.870803   -11.543064 -4.833937   3      
127 -0.588671    1.132309   21.186575  2      
128  16.243532  -8.760950  -3.512218   3      
129 -4.942456   -10.533805 -0.548847   3      
130  14.289966  -5.844472  -3.765083   3      
131 -4.898759   -11.046285 -2.249758   3      
132 -4.902278   -10.098396 -4.469633   3      
133  23.711824  -10.443592 -4.180919   3      
134  4.524818    1.633406  -2.912713   3      
135 -4.854080   -9.941158  -2.036306   3      
136 -2.841643   -10.100497 -3.207382   3      
137 -3.822386   -8.467698   2.505583   3      
138 -0.493085   -2.714063  -5.856774   3      
139 -4.812984   -6.219014  -5.375494   3      
140 -5.748646   -11.574401 -3.887673   3      
141 -1.720942    0.207712   29.910248  2      
142 -4.964090   -11.992257 -3.275268   3      
143  93.496995  -2.024893  -5.040719   3      
144 -4.891656   -8.152152   2.381419   3      
145  8.444982    1.265583  -6.113266   3      
146 -4.696446   -5.125681  -3.249593   3      
147  1.408013   -2.052970   6.882386   3      
148 -4.502474    2.698801  -5.164540   3      
149 -4.808760    5.691209   53.375098  2      
150 -3.556253    2.285377  -2.152962   3      
151 -3.170609    17.091084  2.912757   0      
152 -2.941153    24.213722 -4.284314   0      
153 -3.807667   -11.570602 -3.790751   3      
154 -4.927265   -10.566215  0.609178   3      
155 -1.540118    2.130188  -3.330196   3      
156 -4.318478    13.312618  5.168475   0      
157 -2.463621    9.021352   9.989658   2      
158 -0.624271   -4.415475  -4.298606   3      
159 -4.835806   -11.437233 -3.783673   3      
160  1.495184    34.713425 -6.398353   0      
161 -4.784412   -9.452849  -5.277505   3      
162 -4.385992    7.997852  -3.159927   3      
163 -3.502223    7.694216   16.347207  2      
164  20.979328   53.413269 -13.370579  0      
165 -3.929516    23.992813 -5.587704   0      
166 -2.727916   -3.601240  -0.841999   3      
167 -4.672094    1.615390  -1.576500   3      
168 -3.208452    12.708495 -6.457719   0      
169 -4.501957    1.913812  -2.772309   3      
170 -4.662716   -2.911452  -3.516984   3      
171 -0.778278   -9.161658  -2.410523   3      
172 -4.842899   -9.013273  -2.453449   3      
173 -4.747965   -5.148206  -4.170983   3      
174  7.186014   -9.645472  -4.317245   3      
175  4.330185   -8.545991  -4.732180   3      
176  10.488302  -8.660335  -2.111645   3      